image_width: 320
image_height: 240
camera_name: ardrone_front
camera_matrix:
  rows: 3
  cols: 3
  data: [209.1170381957283, 0, 158.753555199428, 0, 209.8409290091743, 117.2455056604366, 0, 0, 1]
distortion_model: plumb_bob
distortion_coefficients:
  rows: 1
  cols: 5
  data: [0.1803440136574649, -0.3213776190143803, -0.0001879498718464074, 0.0008280508581877627, 0]
rectification_matrix:
  rows: 3
  cols: 3
  data: [1, 0, 0, 0, 1, 0, 0, 0, 1]
projection_matrix:
  rows: 3
  cols: 4
  data: [-234.7523304748532, 0, 145.1566701731371, 0, 0, 220.448399810791, 106.8338072834983, 0, 0, 0, 1, 0]