image_width: 640
image_height: 360
camera_name: ardrone_front
camera_matrix:
  rows: 3
  cols: 3
  data: [559.931372, 0.000000, 322.105316, 0.000000, 559.595013, 164.792238, 0.000000, 0.000000, 1.000000]
distortion_model: plumb_bob
distortion_coefficients:
  rows: 1
  cols: 5
  data: [-0.515282, 0.293953, -0.000506, 0.001265, 0.000000]
rectification_matrix:
  rows: 3
  cols: 3
  data: [1.000000, 0.000000, 0.000000, 0.000000, 1.000000, 0.000000, 0.000000, 0.000000, 1.000000]
projection_matrix:
  rows: 3
  cols: 4
  data: [458.272491, 0.000000, 324.302295, 0.000000, 0.000000, 527.467834, 162.817072, 0.000000, 0.000000, 0.000000, 1.000000, 0.000000]
