image_width: 174
image_height: 144
camera_name: ardrone_bottom
camera_matrix:
  rows: 3
  cols: 3
  data: [197.9726201269329, 0, 87.24487113584576, 0, 216.7248117019069, 63.34754669923831, 0, 0, 1]
distortion_model: plumb_bob
distortion_coefficients:
  rows: 1
  cols: 5
  data: [0.2929476414037905, -0.8039597000228709, -0.01796893371899352, 0.003998049328423011, 0]
rectification_matrix:
  rows: 3
  cols: 3
  data: [1, 0, 0, 0, 1, 0, 0, 0, 1]
projection_matrix:
  rows: 3
  cols: 4
  data: [204.4152374267578, 0, 87.72129321146758, 0, 0, 222.3536987304688, 61.76501203239241, 0, 0, 0, 1, 0]
