image_width: 174
image_height: 144
camera_name: ardrone_bottom
camera_matrix:
  rows: 3
  cols: 3
  data: [195.7126016710846, 0, 84.7748830634242, 0, 213.9121284773269, 67.89142995623288, 0, 0, 1]
distortion_model: plumb_bob
distortion_coefficients:
  rows: 1
  cols: 5
  data: [0.2109435690390851, -0.6990350049912396, -0.01465449224848741, -0.001239464644667876, 0]
rectification_matrix:
  rows: 3
  cols: 3
  data: [1, 0, 0, 0, 1, 0, 0, 0, 1]
projection_matrix:
  rows: 3
  cols: 4
  data: [199.1058807373047, 0, 84.553121628182, 0, 0, 217.2439422607422, 66.70339708945039, 0, 0, 0, 1, 0]